2.467059530317783356e-03 5.815080367028713226e-03 1.194689981639385223e-02 1.424670871347188950e-02 2.012726664543151855e-02 1.937466301023960114e-02 3.028321079909801483e-02 2.648616395890712738e-02 2.746483497321605682e-02 3.134243935346603394e-02 3.417953103780746460e-02 3.455250337719917297e-02 3.776408359408378601e-02 3.392864018678665161e-02 3.367064893245697021e-02 3.968403115868568420e-02 4.177352786064147949e-02 3.579628467559814453e-02 3.415954858064651489e-02 4.237807914614677429e-02
3.906502574682235718e-02 3.804624080657958984e-02 4.173089191317558289e-02 3.612748160958290100e-02 4.261329025030136108e-02 4.640137404203414917e-02 4.074544459581375122e-02 4.017920792102813721e-02 3.916531801223754883e-02 3.922981023788452148e-02 4.684179648756980896e-02 4.268291220068931580e-02 4.381820559501647949e-02 4.462542757391929626e-02 4.073172807693481445e-02 4.506908729672431946e-02 4.342297092080116272e-02 4.735072702169418335e-02 4.268316924571990967e-02 4.426733776926994324e-02
4.050840809941291809e-02 4.696538299322128296e-02 4.330852255225181580e-02 4.389561712741851807e-02 4.350911080837249756e-02 4.357051104307174683e-02 4.061587527394294739e-02 4.536063224077224731e-02 4.017810523509979248e-02 4.168177396059036255e-02 4.085942730307579041e-02 4.601813852787017822e-02 4.620743915438652039e-02 4.020056873559951782e-02 4.637090861797332764e-02 4.496819898486137390e-02 4.448758810758590698e-02 4.576791077852249146e-02 4.918952658772468567e-02 5.173498392105102539e-02
5.170226469635963440e-02 5.668274313211441040e-02 4.462909698486328125e-02 4.422729089856147766e-02 4.408281296491622925e-02 4.174149408936500549e-02 4.664477705955505371e-02 4.636238515377044678e-02 5.023909732699394226e-02 5.432328209280967712e-02 4.556143656373023987e-02 4.274051263928413391e-02 4.712082445621490479e-02 5.059546977281570435e-02 4.803772270679473877e-02 4.205265641212463379e-02 4.930641874670982361e-02 4.545236378908157349e-02 4.717889055609703064e-02 4.445860162377357483e-02
4.665164649486541748e-02 4.599381610751152039e-02 5.195781961083412170e-02 4.478571563959121704e-02 4.130939021706581116e-02 4.329071566462516785e-02 4.552591219544410706e-02 4.298831149935722351e-02 5.521831661462783813e-02 4.605864733457565308e-02 4.419871419668197632e-02 5.408991128206253052e-02 4.441395401954650879e-02 4.704495146870613098e-02 4.637585207819938660e-02 4.328225553035736084e-02 4.390400275588035583e-02 4.531972110271453857e-02 4.668196663260459900e-02 5.165006592869758606e-02
5.150910094380378723e-02 5.429615080356597900e-02 4.272925481200218201e-02 4.853600636124610901e-02 4.575440287590026855e-02 4.964884370565414429e-02 4.469032213091850281e-02 4.805862531065940857e-02 4.559849202632904053e-02 5.151207372546195984e-02 4.499815031886100769e-02 5.225896090269088745e-02 5.569190904498100281e-02 4.429402947425842285e-02 5.373081937432289124e-02 4.515390470623970032e-02 4.325833171606063843e-02 4.476617649197578430e-02 4.838057607412338257e-02 4.665142670273780823e-02
4.318026080727577209e-02 4.338155686855316162e-02 5.577247589826583862e-02 4.238953441381454468e-02 4.874891042709350586e-02 4.616016149520874023e-02 4.910219088196754456e-02 5.195917934179306030e-02 5.004455521702766418e-02 4.972860217094421387e-02 5.270627513527870178e-02 4.902400076389312744e-02 4.466026276350021362e-02 4.471420869231224060e-02 4.471651837229728699e-02 4.854574799537658691e-02 4.421978816390037537e-02 4.398074373602867126e-02 4.545297101140022278e-02 5.139307677745819092e-02
4.695159196853637695e-02 4.644571989774703979e-02 5.351555719971656799e-02 4.525209218263626099e-02 4.921296238899230957e-02 4.687711223959922791e-02 4.509591311216354370e-02 5.119221284985542297e-02 4.554357007145881653e-02 4.641803354024887085e-02 4.915552958846092224e-02 4.213577508926391602e-02 4.522069543600082397e-02 4.309104755520820618e-02 5.262945592403411865e-02 4.251286759972572327e-02 4.642073065042495728e-02 4.936197027564048767e-02 4.731574282050132751e-02 4.879889264702796936e-02
4.209446534514427185e-02 5.239163339138031006e-02 4.607074707746505737e-02 4.857552424073219299e-02 4.694060981273651123e-02 4.621262103319168091e-02 5.149172246456146240e-02 4.569313675165176392e-02 4.662219434976577759e-02 5.134605243802070618e-02 5.357906222343444824e-02 4.489309713244438171e-02 5.013543367385864258e-02 4.198256880044937134e-02 4.452286660671234131e-02 4.677798226475715637e-02 5.041418224573135376e-02 4.617533460259437561e-02 4.365947097539901733e-02 4.385246708989143372e-02
4.845505952835083008e-02 4.858575761318206787e-02 4.891808703541755676e-02 4.666700959205627441e-02 4.978320002555847168e-02 4.627270996570587158e-02 4.625289514660835266e-02 4.885278642177581787e-02 5.156760662794113159e-02 4.408878087997436523e-02 4.473520442843437195e-02 5.026610940694808960e-02 4.451248794794082642e-02 5.543890967965126038e-02 4.191145673394203186e-02 4.385050013661384583e-02 4.803523421287536621e-02 4.949054121971130371e-02 4.547568783164024353e-02 4.259632527828216553e-02
4.285896942019462585e-02 4.240734502673149109e-02 4.533568397164344788e-02 4.745988547801971436e-02 4.788808152079582214e-02 4.633206129074096680e-02 4.530095681548118591e-02 4.853465408086776733e-02 4.891058802604675293e-02 4.901868104934692383e-02 4.845857620239257812e-02 4.420150443911552429e-02 4.716149345040321350e-02 5.291241034865379333e-02 6.688174605369567871e-02 4.842191934585571289e-02 4.553093016147613525e-02 4.566577821969985962e-02 5.315947532653808594e-02 4.755012318491935730e-02
5.381184443831443787e-02 5.335952714085578918e-02 4.869269579648971558e-02 4.537354409694671631e-02 4.187868162989616394e-02 4.326724633574485779e-02 5.835118517279624939e-02 4.384299740195274353e-02 4.704106226563453674e-02 4.521042853593826294e-02 5.768387019634246826e-02 5.290228500962257385e-02 4.534809291362762451e-02 4.693562537431716919e-02 5.427938699722290039e-02 4.437403008341789246e-02 4.710355401039123535e-02 5.577546358108520508e-02 4.488704353570938110e-02 4.952253401279449463e-02
4.458412155508995056e-02 4.843268543481826782e-02 5.154554918408393860e-02 5.169448629021644592e-02 4.547912254929542542e-02 4.497348517179489136e-02 5.084672570228576660e-02 5.078398063778877258e-02 4.771436750888824463e-02 4.490140452980995178e-02 4.554887488484382629e-02 5.091344192624092102e-02 4.534782469272613525e-02 4.467375203967094421e-02 4.846571385860443115e-02 4.752428084611892700e-02 5.139764025807380676e-02 4.558847844600677490e-02 4.908523708581924438e-02 4.963864386081695557e-02
4.561280831694602966e-02 4.550897702574729919e-02 5.317291617393493652e-02 4.862729087471961975e-02 5.200586095452308655e-02 4.503045976161956787e-02 5.102578178048133850e-02 5.343385413289070129e-02 5.084294453263282776e-02 4.641918092966079712e-02 4.485564306378364563e-02 4.764316603541374207e-02 5.465180054306983948e-02 4.497535526752471924e-02 4.543646797537803650e-02 4.717969149351119995e-02 4.654285311698913574e-02 5.508192256093025208e-02 4.945716261863708496e-02 4.941874369978904724e-02
4.705514013767242432e-02 4.843912273645401001e-02 4.750384762883186340e-02 4.714440926909446716e-02 4.323746636509895325e-02 4.495665803551673889e-02 4.673867672681808472e-02 5.064373090863227844e-02 5.093656107783317566e-02 4.191737994551658630e-02 4.476093873381614685e-02 4.334484413266181946e-02 5.481239408254623413e-02 4.618441313505172729e-02 4.992956668138504028e-02 4.381609335541725159e-02 4.686367139220237732e-02 4.793404415249824524e-02 4.348828271031379700e-02 4.564017057418823242e-02
5.796191841363906860e-02 4.545928165316581726e-02 4.776197299361228943e-02 5.149311199784278870e-02 4.118509218096733093e-02 5.099322646856307983e-02 4.625034332275390625e-02 4.746630415320396423e-02 4.833201318979263306e-02 5.228964611887931824e-02 4.517101123929023743e-02 4.640782997012138367e-02 4.957938194274902344e-02 4.521663859486579895e-02 4.953756183385848999e-02 5.354865640401840210e-02 4.662302136421203613e-02 4.602090269327163696e-02 5.052922293543815613e-02 5.494350194931030273e-02
4.373503848910331726e-02 5.103979632258415222e-02 5.267472565174102783e-02 5.350530892610549927e-02 4.896488040685653687e-02 4.083279892802238464e-02 4.595478996634483337e-02 5.123915895819664001e-02 4.745515063405036926e-02 5.162432789802551270e-02 4.633349180221557617e-02 5.079536139965057373e-02 4.257867485284805298e-02 4.961738735437393188e-02 6.119124218821525574e-02 4.961602017283439636e-02 4.813722521066665649e-02 4.726471379399299622e-02 4.954683035612106323e-02 4.526260495185852051e-02
5.132326483726501465e-02 4.254568740725517273e-02 4.859725758433341980e-02 4.932961612939834595e-02 4.827231541275978088e-02 4.270226508378982544e-02 4.748956859111785889e-02 5.417404323816299438e-02 4.993226379156112671e-02 5.624382570385932922e-02 4.613506793975830078e-02 4.830579087138175964e-02 4.958118498325347900e-02 4.869269207119941711e-02 4.672132059931755066e-02 4.465274885296821594e-02 5.377437174320220947e-02 5.034276843070983887e-02 4.959755390882492065e-02 5.390551686286926270e-02
4.915968328714370728e-02 5.020242184400558472e-02 5.083543434739112854e-02 5.181830003857612610e-02 5.955459550023078918e-02 5.162875726819038391e-02 5.150024965405464172e-02 4.772606864571571350e-02 4.777850210666656494e-02 4.485638812184333801e-02 5.132348835468292236e-02 4.950522631406784058e-02 4.930551350116729736e-02 5.099435150623321533e-02 6.667812168598175049e-02 4.904547706246376038e-02 4.758039861917495728e-02 4.856692999601364136e-02 4.924155399203300476e-02 4.808891564607620239e-02
6.154644861817359924e-02 4.642820730805397034e-02 4.727531597018241882e-02 4.601010680198669434e-02 5.064843222498893738e-02 4.392170533537864685e-02 4.589824378490447998e-02 5.178808420896530151e-02 4.720206186175346375e-02 4.724247753620147705e-02 4.690755531191825867e-02 5.167631804943084717e-02 4.862706735730171204e-02 5.212934315204620361e-02 4.632398113608360291e-02 4.858328402042388916e-02 4.501559585332870483e-02 4.894025251269340515e-02 4.174190014600753784e-02 4.843020439147949219e-02
5.061064288020133972e-02 5.040844529867172241e-02 4.215741530060768127e-02 4.477054998278617859e-02 5.110011994838714600e-02 4.588560014963150024e-02 5.261619016528129578e-02 4.828481003642082214e-02 5.055127665400505066e-02 4.935012012720108032e-02 4.440345615148544312e-02 4.838930815458297729e-02 4.727338626980781555e-02 5.271615833044052124e-02 4.857302829623222351e-02 4.510980471968650818e-02 5.156248435378074646e-02 5.103616788983345032e-02 5.267728492617607117e-02 5.287236720323562622e-02
4.469256475567817688e-02 5.974116176366806030e-02 5.029426142573356628e-02 4.644875228404998779e-02 4.956858977675437927e-02 4.531648755073547363e-02 4.720502346754074097e-02 5.244245752692222595e-02 5.596581101417541504e-02 5.181701853871345520e-02 4.451375827193260193e-02 4.566883668303489685e-02 4.940192773938179016e-02 4.718534648418426514e-02 4.443894326686859131e-02 4.322872683405876160e-02 4.762027785181999207e-02 4.200803861021995544e-02 4.519878327846527100e-02 5.316537246108055115e-02
4.819566756486892700e-02 4.591722786426544189e-02 5.164253339171409607e-02 5.184997990727424622e-02 4.446629434823989868e-02 4.754108563065528870e-02 4.621615633368492126e-02 4.986049979925155640e-02 4.523791745305061340e-02 4.424504935741424561e-02 5.199056491255760193e-02 5.092805996537208557e-02 4.580834135413169861e-02 4.948033019900321960e-02 4.659668728709220886e-02 5.148966610431671143e-02 5.050016567111015320e-02 4.341171309351921082e-02 4.597516730427742004e-02 4.856882616877555847e-02
4.843884333968162537e-02 5.054809898138046265e-02 4.938723519444465637e-02 4.633879661560058594e-02 5.523253977298736572e-02 5.768048763275146484e-02 4.694557934999465942e-02 5.165236815810203552e-02 4.868618771433830261e-02 5.798069387674331665e-02 4.572567343711853027e-02 4.893253743648529053e-02 4.676750302314758301e-02 5.015812814235687256e-02 5.198859795928001404e-02 4.693656787276268005e-02 5.097433924674987793e-02 4.599042981863021851e-02 5.060416832566261292e-02 4.736134782433509827e-02
4.976218938827514648e-02 5.159821361303329468e-02 4.894180968403816223e-02 4.810493066906929016e-02 5.166114121675491333e-02 4.660400003194808960e-02 5.435924232006072998e-02 4.776747152209281921e-02 4.993452876806259155e-02 4.652767628431320190e-02 4.666774719953536987e-02 4.508155584335327148e-02 4.586150497198104858e-02 5.274650827050209045e-02 4.647295549511909485e-02 4.778683930635452271e-02 4.527747258543968201e-02 5.413331463932991028e-02 5.498333647847175598e-02 4.672340303659439087e-02
4.863195121288299561e-02 4.928066954016685486e-02 4.946579039096832275e-02 4.844136908650398254e-02 4.413947463035583496e-02 4.731170833110809326e-02 4.731435701251029968e-02 4.962920024991035461e-02 5.033404752612113953e-02 4.450496286153793335e-02 4.833854734897613525e-02 4.675988107919692993e-02 4.711844027042388916e-02 4.564823582768440247e-02 4.641200602054595947e-02 5.179589614272117615e-02 4.855055361986160278e-02 4.458165913820266724e-02 4.766382277011871338e-02 4.440777748823165894e-02
4.843049868941307068e-02 4.787788912653923035e-02 4.736003652215003967e-02 4.569315910339355469e-02 6.223228946328163147e-02 5.196351185441017151e-02 5.320630967617034912e-02 5.051392689347267151e-02 5.153467133641242981e-02 5.024980381131172180e-02 4.721989855170249939e-02 5.093917995691299438e-02 4.438972845673561096e-02 5.217671766877174377e-02 5.425469949841499329e-02 4.888408631086349487e-02 5.077845603227615356e-02 4.578874260187149048e-02 4.896521940827369690e-02 4.777751490473747253e-02
4.771104082465171814e-02 5.085346102714538574e-02 4.720194637775421143e-02 4.783617332577705383e-02 4.763909429311752319e-02 4.986960068345069885e-02 4.432547837495803833e-02 4.842315614223480225e-02 4.500426352024078369e-02 4.968217015266418457e-02 4.685393720865249634e-02 4.958873987197875977e-02 4.942459240555763245e-02 4.816009849309921265e-02 4.718238860368728638e-02 4.810109362006187439e-02 4.663769155740737915e-02 5.212655663490295410e-02 4.527922719717025757e-02 5.072698369622230530e-02
5.432656779885292053e-02 4.887697473168373108e-02 4.302221164107322693e-02 4.991320148110389709e-02 4.561616852879524231e-02 4.864331707358360291e-02 5.273041501641273499e-02 6.346053630113601685e-02 4.279337078332901001e-02 5.127758160233497620e-02 4.432985186576843262e-02 4.601672664284706116e-02 5.376569554209709167e-02 5.406229570508003235e-02 5.623151361942291260e-02 4.677280783653259277e-02 4.704883322119712830e-02 4.709241539239883423e-02 5.462870746850967407e-02 5.370100960135459900e-02
4.800416901707649231e-02 5.082716420292854309e-02 4.554317891597747803e-02 5.208154767751693726e-02 4.834069311618804932e-02 4.727872088551521301e-02 5.447626858949661255e-02 4.483567178249359131e-02 4.941903799772262573e-02 4.511960223317146301e-02 4.377306252717971802e-02 5.431516468524932861e-02 5.005576461553573608e-02 5.590290576219558716e-02 4.734726622700691223e-02 4.598997905850410461e-02 4.531407356262207031e-02 4.488020762801170349e-02 4.585636034607887268e-02 4.711327701807022095e-02
4.900211468338966370e-02 4.712905734777450562e-02 4.685743898153305054e-02 5.248854309320449829e-02 4.817941412329673767e-02 5.218526721000671387e-02 4.646164551377296448e-02 4.620202630758285522e-02 4.505333304405212402e-02 4.466346278786659241e-02 5.215787515044212341e-02 4.736938700079917908e-02 4.871359840035438538e-02 5.481330677866935730e-02 5.386471748352050781e-02 4.763672500848770142e-02 4.750297218561172485e-02 5.310682952404022217e-02 4.553610831499099731e-02 4.625034332275390625e-02
4.805101454257965088e-02 4.664682969450950623e-02 4.920127615332603455e-02 4.513346031308174133e-02 4.403261095285415649e-02 4.568303748965263367e-02 4.729892686009407043e-02 4.367609322071075439e-02 5.927125737071037292e-02 5.725215002894401550e-02 5.165117233991622925e-02 5.313487723469734192e-02 4.516904801130294800e-02 4.399668425321578979e-02 4.967749491333961487e-02 4.704154655337333679e-02 5.042590573430061340e-02 4.622116312384605408e-02 4.614376649260520935e-02 5.560366064310073853e-02
4.326125979423522949e-02 4.666160419583320618e-02 6.392786651849746704e-02 4.228425025939941406e-02 4.777171090245246887e-02 4.333252459764480591e-02 4.895960539579391479e-02 4.765863716602325439e-02 4.774874448776245117e-02 5.979751050472259521e-02 4.890889674425125122e-02 4.803444445133209229e-02 4.654556512832641602e-02 4.941646754741668701e-02 5.653393268585205078e-02 5.427516996860504150e-02 5.002724751830101013e-02 5.616608634591102600e-02 4.370992258191108704e-02 4.710933566093444824e-02
4.829484969377517700e-02 4.460067301988601685e-02 4.675432294607162476e-02 5.206425487995147705e-02 4.454876109957695007e-02 5.226238444447517395e-02 5.026913806796073914e-02 5.374228581786155701e-02 4.135423898696899414e-02 4.903071001172065735e-02 4.641696065664291382e-02 4.542161524295806885e-02 4.299349337816238403e-02 4.807216301560401917e-02 5.037357285618782043e-02 4.384119063615798950e-02 4.364180192351341248e-02 4.479417577385902405e-02 5.052421987056732178e-02 5.305324867367744446e-02
4.974222555756568909e-02 4.998275265097618103e-02 4.679233208298683167e-02 5.095669627189636230e-02 4.791817069053649902e-02 4.542731121182441711e-02 4.899258539080619812e-02 4.758502170443534851e-02 5.336721241474151611e-02 4.916586726903915405e-02 5.163993686437606812e-02 4.376367107033729553e-02 5.612815544009208679e-02 4.837531223893165588e-02 5.248297005891799927e-02 4.444462805986404419e-02 5.093772336840629578e-02 4.534406587481498718e-02 4.418662190437316895e-02 4.555439576506614685e-02
4.612410813570022583e-02 4.551772773265838623e-02 4.412752389907836914e-02 4.730664193630218506e-02 4.958990961313247681e-02 4.490708932280540466e-02 5.747175589203834534e-02 5.443570762872695923e-02 5.852155759930610657e-02 5.501026287674903870e-02 4.530948027968406677e-02 4.719987139105796814e-02 4.569186270236968994e-02 5.144853144884109497e-02 4.765027016401290894e-02 7.257755845785140991e-02 5.018378794193267822e-02 4.960340633988380432e-02 5.552582815289497375e-02 4.474363848567008972e-02
4.549338668584823608e-02 4.813377931714057922e-02 4.756146296858787537e-02 5.434773489832878113e-02 5.078767240047454834e-02 4.892762005329132080e-02 4.696799069643020630e-02 4.833462461829185486e-02 4.910122975707054138e-02 4.334365203976631165e-02 5.211742594838142395e-02 4.831241816282272339e-02 5.148269608616828918e-02 4.973077401518821716e-02 4.911941289901733398e-02 4.658519476652145386e-02 4.838185757398605347e-02 5.545990169048309326e-02 5.489894375205039978e-02 5.075006186962127686e-02
4.645039141178131104e-02 4.915868863463401794e-02 4.902344197034835815e-02 4.664201289415359497e-02 4.957135021686553955e-02 5.365917459130287170e-02 4.544515907764434814e-02 4.527891054749488831e-02 4.741049930453300476e-02 4.670374467968940735e-02 6.964637339115142822e-02 4.719874635338783264e-02 5.109561979770660400e-02 5.014885962009429932e-02 4.771189764142036438e-02 5.028465390205383301e-02 4.988823831081390381e-02 5.199135094881057739e-02 5.054987594485282898e-02 4.876484721899032593e-02
5.110641568899154663e-02 4.600229486823081970e-02 4.739273712038993835e-02 4.674709960818290710e-02 4.874737188220024109e-02 5.095617473125457764e-02 4.830484837293624878e-02 4.325293004512786865e-02 4.712532833218574524e-02 5.303813517093658447e-02 5.368935689330101013e-02 4.631028696894645691e-02 4.488801956176757812e-02 5.733818188309669495e-02 5.315267667174339294e-02 4.760012030601501465e-02 4.972415789961814880e-02 4.593526199460029602e-02 5.000509321689605713e-02 4.685874655842781067e-02
5.487918481230735779e-02 4.808549582958221436e-02 4.665114358067512512e-02 4.600492864847183228e-02 5.796908587217330933e-02 5.426646769046783447e-02 4.688981175422668457e-02 5.423571541905403137e-02 4.954756423830986023e-02 5.075271055102348328e-02 5.676350370049476624e-02 4.952550679445266724e-02 5.145895853638648987e-02 5.131845921277999878e-02 4.988291859626770020e-02 6.711097806692123413e-02 4.670831933617591858e-02 4.522018879652023315e-02 4.662453755736351013e-02 4.468180611729621887e-02
4.604988917708396912e-02 4.680811241269111633e-02 5.395686253905296326e-02 5.496644973754882812e-02 5.622886866331100464e-02 4.381677880883216858e-02 5.054751038551330566e-02 4.427697882056236267e-02 5.142166838049888611e-02 5.306097492575645447e-02 4.680579528212547302e-02 5.261090025305747986e-02 5.588223040103912354e-02 4.672218859195709229e-02 4.725925251841545105e-02 4.710824787616729736e-02 4.760389402508735657e-02 5.013423040509223938e-02 5.244286358356475830e-02 4.806278645992279053e-02
4.905527830123901367e-02 4.989254474639892578e-02 4.424739629030227661e-02 4.251588881015777588e-02 4.662761464715003967e-02 4.702808335423469543e-02 4.915391653776168823e-02 4.668796434998512268e-02 4.633394256234169006e-02 4.842819273471832275e-02 4.674850404262542725e-02 4.641557857394218445e-02 4.717051237821578979e-02 4.629111289978027344e-02 4.711094871163368225e-02 4.724137485027313232e-02 5.021880567073822021e-02 4.948613420128822327e-02 4.604158550500869751e-02 4.791457206010818481e-02
4.480370134115219116e-02 4.559143632650375366e-02 4.460681602358818054e-02 5.031443759799003601e-02 4.320039227604866028e-02 4.636069387197494507e-02 4.440608620643615723e-02 5.058892816305160522e-02 5.349402502179145813e-02 4.962568730115890503e-02 4.836784303188323975e-02 4.719059914350509644e-02 5.287531763315200806e-02 4.852898418903350830e-02 5.771062523126602173e-02 5.117139592766761780e-02 4.529596865177154541e-02 5.142621323466300964e-02 5.371981114149093628e-02 4.778975993394851685e-02
4.662186652421951294e-02 4.686131700873374939e-02 4.773724824190139771e-02 5.605842918157577515e-02 4.791945964097976685e-02 4.767251014709472656e-02 4.422444850206375122e-02 5.017292127013206482e-02 4.744784906506538391e-02 5.174842104315757751e-02 4.832480102777481079e-02 4.605206102132797241e-02 5.112710967659950256e-02 4.568811506032943726e-02 4.550841450691223145e-02 4.708450287580490112e-02 4.653521999716758728e-02 5.130369216203689575e-02 5.330621451139450073e-02 4.795444756746292114e-02
4.336698353290557861e-02 5.302167683839797974e-02 4.569337144494056702e-02 4.547871276736259460e-02 4.477195069193840027e-02 5.171860754489898682e-02 4.672303795814514160e-02 5.201075971126556396e-02 4.594574496150016785e-02 4.927934333682060242e-02 5.130352079868316650e-02 4.505710303783416748e-02 4.861237481236457825e-02 5.230200290679931641e-02 5.027211084961891174e-02 4.929337650537490845e-02 5.153567343950271606e-02 5.287452787160873413e-02 4.621710628271102905e-02 5.609549582004547119e-02
5.274976044893264771e-02 5.153841525316238403e-02 4.793383926153182983e-02 4.384709149599075317e-02 4.880755394697189331e-02 4.970320314168930054e-02 5.060893297195434570e-02 4.736934229731559753e-02 4.938849806785583496e-02 4.670039564371109009e-02 4.765473306179046631e-02 5.367637425661087036e-02 5.416930094361305237e-02 5.483292415738105774e-02 5.725871399044990540e-02 4.824765771627426147e-02 4.801922291517257690e-02 4.574396088719367981e-02 4.928643628954887390e-02 5.418854206800460815e-02
4.923893511295318604e-02 5.411856621503829956e-02 4.901487752795219421e-02 4.753051698207855225e-02 4.772930592298507690e-02 5.106014758348464966e-02 4.765999689698219299e-02 5.191061645746231079e-02 4.628955572843551636e-02 4.379430040717124939e-02 5.129446461796760559e-02 5.490616336464881897e-02 4.566805437207221985e-02 4.616805538535118103e-02 5.322762206196784973e-02 4.897618666291236877e-02 4.801192879676818848e-02 4.563141986727714539e-02 4.984378442168235779e-02 5.548145994544029236e-02
5.303208902478218079e-02 5.312111228704452515e-02 5.387993901968002319e-02 4.822703078389167786e-02 4.822719842195510864e-02 4.573759809136390686e-02 4.459664225578308105e-02 6.066762655973434448e-02 4.780453816056251526e-02 5.088698491454124451e-02 4.799744859337806702e-02 4.622603580355644226e-02 4.690507054328918457e-02 5.071401968598365784e-02 5.094806849956512451e-02 5.056938156485557556e-02 4.693619906902313232e-02 4.940569400787353516e-02 4.820264130830764771e-02 4.700873047113418579e-02
4.588671028614044189e-02 5.167875438928604126e-02 4.748330265283584595e-02 4.810449108481407166e-02 4.361408203840255737e-02 4.802755266427993774e-02 4.400621727108955383e-02 5.203090235590934753e-02 4.366165772080421448e-02 4.646343365311622620e-02 5.185353383421897888e-02 5.167829617857933044e-02 4.947328567504882812e-02 4.984205588698387146e-02 5.167600885033607483e-02 4.785871878266334534e-02 6.182228401303291321e-02 5.767298862338066101e-02 5.136840790510177612e-02 5.096587911248207092e-02
5.136931315064430237e-02 4.613406956195831299e-02 5.136633664369583130e-02 5.322911962866783142e-02 5.283061042428016663e-02 5.298811569809913635e-02 4.743916168808937073e-02 4.870870336890220642e-02 4.707517102360725403e-02 4.406956955790519714e-02 5.255819857120513916e-02 4.372625425457954407e-02 4.481192305684089661e-02 5.238387733697891235e-02 4.601721093058586121e-02 4.633460938930511475e-02 5.366212874650955200e-02 4.440996050834655762e-02 4.501336812973022461e-02 4.634460806846618652e-02
4.579010978341102600e-02 4.508642107248306274e-02 4.697623476386070251e-02 4.859457537531852722e-02 4.765864834189414978e-02 5.410215631127357483e-02 5.342312529683113098e-02 4.727621749043464661e-02 4.468866065144538879e-02 4.853666201233863831e-02 4.620299860835075378e-02 4.756635800004005432e-02 4.662285372614860535e-02 4.944593831896781921e-02 4.885417595505714417e-02 4.904379323124885559e-02 4.857232794165611267e-02 5.163349583745002747e-02 4.928346350789070129e-02 4.970748722553253174e-02
5.100240185856819153e-02 4.895782098174095154e-02 5.471552535891532898e-02 5.216775462031364441e-02 5.120408162474632263e-02 4.975656047463417053e-02 5.236269161105155945e-02 5.406132340431213379e-02 4.544412344694137573e-02 4.821889847517013550e-02 4.769631847739219666e-02 5.188461393117904663e-02 5.039799958467483521e-02 5.000396817922592163e-02 4.739709943532943726e-02 5.789323896169662476e-02 4.998407885432243347e-02 4.364846646785736084e-02 5.198203399777412415e-02 4.634838551282882690e-02
4.574012383818626404e-02 4.965635761618614197e-02 4.772203415632247925e-02 4.755459725856781006e-02 4.802278056740760803e-02 4.431704431772232056e-02 4.694688692688941956e-02 5.191876366734504700e-02 5.155201628804206848e-02 5.149413645267486572e-02 4.730781912803649902e-02 5.006780847907066345e-02 4.800396040081977844e-02 5.455087125301361084e-02 5.123535171151161194e-02 4.831747338175773621e-02 4.710034281015396118e-02 4.770927131175994873e-02 4.996399581432342529e-02 5.037116259336471558e-02
4.641784727573394775e-02 4.723328724503517151e-02 5.035759136080741882e-02 4.569915682077407837e-02 4.624912515282630920e-02 5.104216560721397400e-02 4.673520475625991821e-02 4.790775850415229797e-02 4.524570330977439880e-02 4.662128910422325134e-02 5.270866677165031433e-02 4.377565160393714905e-02 5.892094969749450684e-02 4.837588965892791748e-02 5.328805744647979736e-02 5.227454006671905518e-02 4.646663740277290344e-02 5.142312124371528625e-02 4.809483513236045837e-02 5.282163619995117188e-02
4.612974822521209717e-02 4.527423903346061707e-02 5.807109922170639038e-02 4.667556285858154297e-02 4.581401124596595764e-02 5.344906821846961975e-02 4.943582415580749512e-02 4.744514450430870056e-02 4.807497560977935791e-02 5.252249166369438171e-02 4.559278488159179688e-02 4.763482511043548584e-02 4.501314461231231689e-02 5.035869777202606201e-02 4.791327565908432007e-02 6.858441978693008423e-02 4.672944173216819763e-02 4.739685729146003723e-02 4.592924937605857849e-02 5.462384968996047974e-02
4.479836672544479370e-02 4.455591365694999695e-02 4.734988510608673096e-02 4.621761292219161987e-02 5.088911950588226318e-02 4.717728123068809509e-02 4.602703079581260681e-02 5.153738707304000854e-02 4.624151811003684998e-02 4.758718609809875488e-02 4.858108982443809509e-02 4.236717894673347473e-02 4.552671685814857483e-02 4.506240785121917725e-02 5.071494728326797485e-02 4.500968009233474731e-02 5.079432576894760132e-02 4.462232440710067749e-02 6.120181083679199219e-02 4.811004921793937683e-02
5.046108737587928772e-02 5.021627992391586304e-02 5.203501507639884949e-02 5.058755725622177124e-02 5.436026677489280701e-02 5.092480778694152832e-02 5.233190953731536865e-02 5.080353096127510071e-02 6.297697126865386963e-02 4.732668772339820862e-02 5.071603506803512573e-02 4.945247992873191833e-02 4.490673169493675232e-02 4.793229326605796814e-02 4.903691634535789490e-02 4.647789895534515381e-02 5.422210693359375000e-02 5.067364498972892761e-02 5.033450201153755188e-02 4.793357849121093750e-02
4.673011228442192078e-02 5.869734659790992737e-02 4.671213403344154358e-02 5.076519027352333069e-02 5.354412272572517395e-02 5.054448172450065613e-02 4.425084963440895081e-02 4.710826277732849121e-02 5.065093562006950378e-02 4.723681882023811340e-02 5.408693850040435791e-02 4.938654229044914246e-02 4.598810896277427673e-02 4.166220501065254211e-02 4.977447539567947388e-02 5.049522593617439270e-02 6.952107697725296021e-02 5.678853765130043030e-02 4.607778042554855347e-02 4.984830692410469055e-02
4.520618915557861328e-02 4.731402546167373657e-02 4.663421586155891418e-02 4.729825630784034729e-02 4.987884312868118286e-02 5.095816776156425476e-02 4.865638166666030884e-02 4.913980141282081604e-02 4.542840644717216492e-02 4.845008254051208496e-02 5.066357180476188660e-02 4.375594109296798706e-02 4.992273449897766113e-02 4.471582174301147461e-02 4.856339097023010254e-02 4.703032225370407104e-02 4.740579053759574890e-02 4.764312133193016052e-02 5.665056779980659485e-02 5.036197975277900696e-02
4.912352189421653748e-02 4.812593758106231689e-02 5.525169894099235535e-02 4.503085091710090637e-02 5.106935650110244751e-02 5.508780106902122498e-02 4.386898130178451538e-02 4.972033947706222534e-02 4.395523667335510254e-02 4.512896016240119934e-02 4.347410053014755249e-02 4.965880885720252991e-02 4.510315135121345520e-02 4.268590733408927917e-02 4.341302067041397095e-02 5.534258484840393066e-02 4.503428190946578979e-02 5.133487656712532043e-02 5.440507456660270691e-02 5.118252709507942200e-02
4.916357621550559998e-02 4.971145465970039368e-02 5.747096985578536987e-02 4.467153176665306091e-02 4.786636307835578918e-02 5.396030470728874207e-02 4.842698201537132263e-02 5.027515441179275513e-02 4.789164289832115173e-02 5.160830914974212646e-02 4.951469227671623230e-02 4.760705307126045227e-02 4.477601870894432068e-02 4.431679099798202515e-02 4.938608407974243164e-02 5.080948397517204285e-02 5.261185392737388611e-02 4.736743494868278503e-02 4.974814131855964661e-02 4.681610316038131714e-02
5.771791562438011169e-02 4.407077282667160034e-02 5.236254632472991943e-02 5.113989487290382385e-02 4.344340041279792786e-02 4.756389558315277100e-02 4.822273552417755127e-02 4.919872432947158813e-02 4.585871472954750061e-02 4.374630749225616455e-02 4.838573560118675232e-02 4.759899899363517761e-02 4.336201399564743042e-02 4.695234447717666626e-02 5.714752525091171265e-02 4.643703252077102661e-02 4.953211173415184021e-02 4.793234169483184814e-02 4.903325065970420837e-02 4.653163626790046692e-02
5.011279508471488953e-02 4.663709923624992371e-02 4.798799008131027222e-02 4.867632314562797546e-02 4.771406203508377075e-02 5.110234767198562622e-02 5.180549249053001404e-02 5.931660160422325134e-02 4.907365143299102783e-02 4.686257988214492798e-02 4.888738691806793213e-02 4.882016777992248535e-02 4.992210492491722107e-02 5.829930305480957031e-02 5.129662528634071350e-02 5.430473387241363525e-02 5.063927918672561646e-02 4.547218978404998779e-02 5.580127984285354614e-02 5.554743483662605286e-02
4.975768551230430603e-02 5.098251253366470337e-02 4.761430621147155762e-02 5.132872611284255981e-02 4.791608825325965881e-02 5.239699780941009521e-02 4.428524151444435120e-02 4.956849291920661926e-02 4.882984608411788940e-02 4.991758614778518677e-02 4.396083950996398926e-02 4.886708781123161316e-02 4.723322391510009766e-02 5.240765213966369629e-02 5.651246011257171631e-02 5.449877679347991943e-02 4.753119498491287231e-02 4.723938927054405212e-02 4.766090214252471924e-02 5.026823654770851135e-02
5.134120583534240723e-02 4.962341114878654480e-02 5.697194859385490417e-02 4.568670690059661865e-02 5.262740701436996460e-02 4.753860831260681152e-02 4.746596887707710266e-02 4.634322598576545715e-02 4.317357763648033142e-02 4.312829300761222839e-02 4.868349060416221619e-02 4.502528533339500427e-02 4.865063354372978210e-02 4.661847651004791260e-02 4.836361482739448547e-02 5.236610397696495056e-02 4.883454367518424988e-02 4.813860356807708740e-02 4.803066328167915344e-02 4.490499943494796753e-02
4.624269157648086548e-02 4.653549194335937500e-02 5.432920157909393311e-02 4.773426800966262817e-02 5.438284948468208313e-02 5.171130225062370300e-02 4.923049360513687134e-02 4.885588213801383972e-02 4.617354646325111389e-02 4.300542920827865601e-02 4.814014956355094910e-02 4.381811246275901794e-02 4.560885578393936157e-02 4.959240555763244629e-02 5.715215951204299927e-02 4.396989196538925171e-02 4.916645213961601257e-02 5.818337202072143555e-02 4.491596296429634094e-02 5.361754819750785828e-02
4.918378964066505432e-02 4.363048076629638672e-02 4.564322158694267273e-02 4.374516382813453674e-02 5.402996763586997986e-02 5.312258005142211914e-02 4.676530510187149048e-02 4.356343299150466919e-02 5.303676426410675049e-02 5.221035331487655640e-02 5.838317424058914185e-02 4.744629934430122375e-02 4.931989312171936035e-02 4.705560579895973206e-02 4.677821695804595947e-02 5.762605741620063782e-02 4.995104297995567322e-02 4.793889075517654419e-02 4.501602053642272949e-02 5.667682737112045288e-02
6.206402927637100220e-02 5.037295445799827576e-02 5.002396926283836365e-02 5.994297191500663757e-02 4.550231620669364929e-02 4.608789086341857910e-02 4.281894117593765259e-02 4.578259587287902832e-02 4.510158672928810120e-02 5.191758275032043457e-02 5.021844059228897095e-02 4.823460429906845093e-02 4.529413208365440369e-02 4.595097899436950684e-02 5.293861404061317444e-02 4.547228291630744934e-02 5.940215662121772766e-02 5.680069699883460999e-02 5.499779805541038513e-02 5.186280235648155212e-02
4.622197896242141724e-02 5.298194661736488342e-02 5.008104443550109863e-02 5.863232165575027466e-02 4.700126871466636658e-02 5.034858733415603638e-02 4.727304726839065552e-02 5.360828340053558350e-02 4.684814810752868652e-02 5.225376039743423462e-02 4.709603637456893921e-02 4.368750378489494324e-02 5.717904865741729736e-02 4.615094885230064392e-02 5.036682635545730591e-02 6.005881354212760925e-02 4.899928718805313110e-02 4.648928716778755188e-02 4.678645357489585876e-02 5.462177097797393799e-02
4.919002577662467957e-02 4.330861568450927734e-02 4.865585267543792725e-02 5.000739172101020813e-02 4.736433923244476318e-02 5.532656610012054443e-02 5.565468594431877136e-02 5.460496619343757629e-02 4.944695532321929932e-02 5.609017238020896912e-02 4.588751494884490967e-02 4.745607450604438782e-02 4.905513301491737366e-02 4.753698036074638367e-02 5.320354923605918884e-02 4.357744008302688599e-02 5.051974579691886902e-02 5.413023754954338074e-02 4.399872571229934692e-02 4.779658094048500061e-02
5.309017747640609741e-02 5.756560713052749634e-02 4.749280586838722229e-02 4.515305161476135254e-02 4.856863990426063538e-02 5.715969204902648926e-02 4.545941203832626343e-02 4.842688888311386108e-02 5.087980628013610840e-02 4.636500775814056396e-02 4.991095885634422302e-02 4.814366996288299561e-02 4.730331152677536011e-02 4.738459363579750061e-02 4.733931273221969604e-02 5.307514220476150513e-02 4.872261732816696167e-02 5.134406313300132751e-02 5.521663278341293335e-02 5.653706938028335571e-02
4.658649861812591553e-02 5.323379859328269958e-02 4.878569766879081726e-02 4.729482159018516541e-02 5.037758871912956238e-02 5.310830473899841309e-02 4.465734213590621948e-02 5.413127690553665161e-02 4.478392750024795532e-02 4.915365949273109436e-02 4.619424790143966675e-02 4.838168993592262268e-02 4.428775608539581299e-02 4.856588318943977356e-02 4.479811713099479675e-02 4.790345579385757446e-02 4.549796506762504578e-02 4.865625128149986267e-02 4.970354959368705750e-02 4.692919179797172546e-02
5.544140562415122986e-02 4.509275406599044800e-02 5.569378286600112915e-02 4.843470454216003418e-02 5.171464011073112488e-02 4.638275876641273499e-02 4.716167226433753967e-02 4.803159460425376892e-02 4.439432546496391296e-02 5.203349143266677856e-02 4.841544851660728455e-02 4.653558507561683655e-02 4.966521635651588440e-02 4.901238530874252319e-02 5.184156075119972229e-02 4.895787313580513000e-02 5.511259287595748901e-02 5.147416144609451294e-02 5.096717178821563721e-02 5.641951411962509155e-02
4.644345492124557495e-02 5.164953321218490601e-02 4.656918346881866455e-02 4.731837660074234009e-02 4.284351691603660583e-02 5.169444158673286438e-02 4.534243419766426086e-02 4.591295868158340454e-02 4.440217465162277222e-02 5.202274024486541748e-02 4.920849204063415527e-02 5.389739200472831726e-02 4.399035125970840454e-02 4.692512005567550659e-02 4.885139688849449158e-02 4.699260741472244263e-02 4.924468323588371277e-02 4.904975369572639465e-02 5.355590209364891052e-02 4.961702972650527954e-02
4.700519517064094543e-02 5.496060103178024292e-02 4.461703449487686157e-02 4.700201377272605896e-02 5.996051803231239319e-02 4.675660654902458191e-02 4.954221099615097046e-02 4.688746482133865356e-02 5.421883612871170044e-02 5.624484643340110779e-02 4.903944209218025208e-02 4.613529890775680542e-02 4.837349429726600647e-02 5.450173467397689819e-02 4.690600931644439697e-02 4.899431020021438599e-02 5.414706468582153320e-02 5.171816051006317139e-02 4.463490098714828491e-02 4.661403968930244446e-02
4.669851809740066528e-02 4.848710820078849792e-02 4.655309766530990601e-02 4.537496715784072876e-02 4.829923063516616821e-02 4.708404466509819031e-02 4.549716785550117493e-02 5.663018673658370972e-02 5.643033236265182495e-02 4.476869106292724609e-02 4.878965392708778381e-02 4.930606856942176819e-02 4.560584202408790588e-02 5.144787579774856567e-02 5.246885120868682861e-02 5.201504752039909363e-02 5.408829823136329651e-02 4.426465928554534912e-02 5.298633500933647156e-02 4.542030766606330872e-02
5.082501471042633057e-02 4.781394079327583313e-02 4.374208301305770874e-02 4.686640948057174683e-02 4.167102277278900146e-02 4.401669278740882874e-02 4.846798256039619446e-02 4.763246700167655945e-02 5.001929774880409241e-02 5.364046245813369751e-02 5.059144273400306702e-02 4.912748187780380249e-02 4.780824109911918640e-02 4.744821786880493164e-02 4.234028235077857971e-02 4.841911792755126953e-02 4.647362977266311646e-02 4.864705726504325867e-02 5.422291159629821777e-02 5.453493446111679077e-02
4.343082755804061890e-02 4.383109509944915771e-02 5.301140248775482178e-02 5.086956545710563660e-02 5.394819751381874084e-02 4.333347454667091370e-02 4.522897675633430481e-02 4.865758493542671204e-02 5.061126500368118286e-02 4.742306843400001526e-02 4.949893429875373840e-02 4.955912008881568909e-02 5.069116875529289246e-02 5.736581608653068542e-02 4.985038191080093384e-02 4.994935542345046997e-02 5.286320671439170837e-02 5.167821794748306274e-02 4.744431003928184509e-02 4.359393939375877380e-02
5.212333798408508301e-02 4.353650659322738647e-02 4.745722562074661255e-02 4.848296195268630981e-02 5.385389551520347595e-02 4.784980043768882751e-02 5.545278638601303101e-02 5.099737271666526794e-02 4.835024103522300720e-02 5.044621974229812622e-02 5.132040381431579590e-02 5.288830026984214783e-02 4.590562358498573303e-02 4.874439164996147156e-02 5.044592916965484619e-02 4.343434795737266541e-02 4.545620083808898926e-02 4.807951301336288452e-02 4.865029081702232361e-02 4.845295101404190063e-02
5.520115047693252563e-02 4.444818198680877686e-02 5.456751212477684021e-02 4.544022679328918457e-02 5.166643485426902771e-02 5.358897149562835693e-02 5.167653039097785950e-02 4.502637311816215515e-02 4.668448492884635925e-02 5.289434269070625305e-02 4.991236329078674316e-02 5.766991898417472839e-02 4.727599397301673889e-02 4.919454827904701233e-02 5.299602076411247253e-02 4.583728313446044922e-02 4.283695667982101440e-02 4.408225789666175842e-02 5.324690788984298706e-02 5.239804089069366455e-02
4.691549390554428101e-02 4.942335933446884155e-02 4.847187548875808716e-02 4.883526638150215149e-02 5.918461084365844727e-02 4.932919144630432129e-02 4.590932279825210571e-02 4.737460985779762268e-02 4.941035434603691101e-02 4.526381567120552063e-02 5.099447444081306458e-02 5.607796832919120789e-02 4.875230044126510620e-02 4.627449065446853638e-02 4.896211624145507812e-02 4.932084679603576660e-02 5.015489831566810608e-02 5.071492493152618408e-02 4.755863174796104431e-02 4.476296156644821167e-02
4.995388537645339966e-02 5.080079659819602966e-02 4.648613557219505310e-02 5.375180020928382874e-02 5.767014250159263611e-02 4.479943588376045227e-02 4.975236207246780396e-02 5.793098360300064087e-02 4.549346491694450378e-02 5.007275566458702087e-02 5.696652084589004517e-02 4.763574153184890747e-02 4.733112081885337830e-02 5.108820274472236633e-02 4.709434509277343750e-02 4.723667353391647339e-02 4.840611293911933899e-02 4.482064396142959595e-02 5.923287570476531982e-02 5.066731199622154236e-02
5.259305611252784729e-02 4.451368749141693115e-02 5.322552472352981567e-02 5.201570317149162292e-02 4.596685245633125305e-02 4.582624882459640503e-02 4.485478997230529785e-02 4.793320596218109131e-02 4.684420675039291382e-02 4.519769921898841858e-02 5.039497092366218567e-02 4.986463487148284912e-02 4.621330276131629944e-02 4.709046334028244019e-02 5.111744999885559082e-02 4.927110671997070312e-02 4.562505334615707397e-02 4.674924910068511963e-02 5.007981508970260620e-02 4.348002746701240540e-02
4.695706069469451904e-02 4.912478104233741760e-02 4.615929350256919861e-02 5.086871236562728882e-02 4.664366319775581360e-02 4.783673584461212158e-02 5.195498093962669373e-02 4.495283216238021851e-02 4.486314952373504639e-02 4.728630930185317993e-02 4.353258386254310608e-02 4.862168803811073303e-02 4.729042202234268188e-02 4.792077839374542236e-02 5.057881027460098267e-02 4.569553956389427185e-02 5.176354199647903442e-02 5.153984203934669495e-02 5.257359519600868225e-02 5.132927373051643372e-02
5.115038529038429260e-02 4.963785037398338318e-02 5.203738436102867126e-02 4.887426644563674927e-02 4.515041783452033997e-02 4.863376542925834656e-02 4.669281467795372009e-02 4.630729556083679199e-02 5.454483628273010254e-02 4.255519807338714600e-02 4.989849030971527100e-02 4.802019521594047546e-02 4.513228684663772583e-02 4.595181345939636230e-02 4.865105822682380676e-02 4.881851375102996826e-02 4.524110630154609680e-02 5.135817453265190125e-02 4.798967018723487854e-02 4.661532863974571228e-02
5.169331654906272888e-02 4.998090490698814392e-02 4.553978517651557922e-02 5.176000669598579407e-02 5.074964091181755066e-02 5.217362195253372192e-02 4.521879926323890686e-02 6.602827459573745728e-02 4.538491368293762207e-02 4.752065986394882202e-02 4.717738553881645203e-02 4.610055685043334961e-02 5.549899116158485413e-02 5.248087644577026367e-02 4.522250965237617493e-02 4.660799726843833923e-02 4.344334080815315247e-02 4.678310453891754150e-02 5.175270140171051025e-02 4.795595631003379822e-02
5.013728514313697815e-02 4.828787595033645630e-02 6.082529574632644653e-02 4.484425857663154602e-02 5.031990259885787964e-02 5.253478884696960449e-02 4.629549011588096619e-02 4.673951491713523865e-02 4.480845853686332703e-02 5.708299577236175537e-02 4.380609095096588135e-02 4.345664009451866150e-02 4.763901978731155396e-02 5.089031532406806946e-02 4.781167581677436829e-02 4.735038056969642639e-02 4.680705443024635315e-02 4.935576766729354858e-02 5.377561599016189575e-02 4.959720000624656677e-02
5.135773494839668274e-02 4.540846869349479675e-02 4.626390710473060608e-02 4.809431359171867371e-02 5.411056429147720337e-02 4.685981944203376770e-02 4.676303267478942871e-02 4.982379078865051270e-02 5.567720159888267517e-02 5.353753268718719482e-02 4.956181347370147705e-02 4.899374768137931824e-02 5.168307945132255554e-02 4.745241999626159668e-02 5.170421674847602844e-02 5.396751314401626587e-02 5.370768532156944275e-02 5.564169958233833313e-02 4.394453763961791992e-02 5.533000826835632324e-02
4.983642697334289551e-02 4.963216930627822876e-02 4.933375120162963867e-02 4.429602622985839844e-02 4.370659589767456055e-02 5.055190995335578918e-02 5.061436444520950317e-02 4.976206272840499878e-02 4.744488373398780823e-02 5.331714823842048645e-02 4.532670602202415466e-02 4.706415161490440369e-02 5.322834104299545288e-02 4.899755865335464478e-02 4.651885852217674255e-02 4.750328883528709412e-02 5.276973545551300049e-02 4.411329701542854309e-02 4.922476038336753845e-02 4.527504742145538330e-02
5.096009373664855957e-02 4.455329105257987976e-02 4.747363552451133728e-02 5.311750248074531555e-02 4.964074864983558655e-02 5.678928643465042114e-02 5.164736509323120117e-02 4.427557438611984253e-02 4.677971079945564270e-02 6.185014173388481140e-02 4.819636046886444092e-02 5.149520933628082275e-02 5.074241384863853455e-02 4.926477000117301941e-02 4.900457710027694702e-02 5.499575287103652954e-02 4.387310147285461426e-02 5.472316592931747437e-02 4.628917202353477478e-02 5.417138338088989258e-02
5.405135825276374817e-02 4.813464730978012085e-02 4.442251846194267273e-02 4.842667654156684875e-02 5.397514626383781433e-02 4.903981834650039673e-02 5.217858776450157166e-02 5.161054804921150208e-02 5.618386715650558472e-02 4.727900400757789612e-02 5.144499242305755615e-02 4.658532887697219849e-02 4.738678783178329468e-02 4.653316363692283630e-02 4.426264017820358276e-02 4.872002452611923218e-02 5.158672854304313660e-02 5.561633780598640442e-02 4.429044574499130249e-02 4.607747867703437805e-02
5.168973281979560852e-02 5.891571193933486938e-02 5.051818490028381348e-02 4.880518466234207153e-02 5.414914712309837341e-02 5.261680111289024353e-02 4.887648299336433411e-02 4.320313036441802979e-02 5.251920968294143677e-02 5.089451372623443604e-02 4.325566813349723816e-02 4.598065465688705444e-02 4.744996502995491028e-02 4.665612429380416870e-02 4.946093261241912842e-02 5.086435750126838684e-02 4.944656416773796082e-02 5.011876672506332397e-02 4.723581299185752869e-02 4.661007970571517944e-02
4.690436273813247681e-02 5.006027594208717346e-02 4.637333750724792480e-02 4.582977294921875000e-02 5.032911896705627441e-02 4.871751740574836731e-02 5.112690478563308716e-02 5.176215246319770813e-02 4.877459257841110229e-02 5.040682479739189148e-02 5.300894007086753845e-02 5.731958895921707153e-02 5.217011645436286926e-02 4.901570826768875122e-02 5.002713575959205627e-02 4.594060778617858887e-02 5.094360187649726868e-02 5.727094784379005432e-02 4.600078985095024109e-02 4.677321016788482666e-02
4.912029206752777100e-02 4.849327355623245239e-02 5.054994672536849976e-02 6.408055126667022705e-02 4.681918397545814514e-02 4.497895762324333191e-02 4.583919048309326172e-02 5.264141038060188293e-02 4.544834047555923462e-02 5.695096403360366821e-02 4.754819720983505249e-02 5.285645648837089539e-02 4.725267738103866577e-02 4.862875863909721375e-02 4.662124067544937134e-02 4.583467915654182434e-02 4.851933568716049194e-02 4.891201481223106384e-02 5.852108076214790344e-02 4.571584612131118774e-02
5.385413020849227905e-02 5.765044689178466797e-02 5.462199077010154724e-02 4.595227912068367004e-02 5.222272500395774841e-02 4.540027678012847900e-02 5.030533671379089355e-02 4.607227817177772522e-02 4.512032866477966309e-02 5.713642761111259460e-02 4.921209439635276794e-02 4.999440908432006836e-02 4.648092016577720642e-02 4.997222125530242920e-02 4.948395490646362305e-02 4.770713672041893005e-02 4.837701469659805298e-02 5.093248561024665833e-02 4.794388264417648315e-02 5.105816945433616638e-02
5.396424233913421631e-02 4.663838073611259460e-02 4.503247514367103577e-02 4.683085530996322632e-02 4.884959384799003601e-02 4.709411785006523132e-02 4.687601700425148010e-02 4.830030724406242371e-02 4.853574559092521667e-02 4.470980912446975708e-02 4.844603314995765686e-02 4.525965824723243713e-02 4.649800434708595276e-02 4.921987652778625488e-02 4.879788681864738464e-02 4.565444216132164001e-02 4.731190577149391174e-02 5.616007000207901001e-02 4.801418632268905640e-02 5.800955370068550110e-02
4.749446734786033630e-02 4.532606154680252075e-02 4.908271506428718567e-02 4.437908157706260681e-02 4.555277526378631592e-02 5.184791237115859985e-02 5.467064678668975830e-02 5.503128468990325928e-02 4.452131316065788269e-02 4.416319355368614197e-02 4.708272591233253479e-02 4.370769485831260681e-02 5.141016840934753418e-02 4.961484298110008240e-02 4.370308667421340942e-02 5.809426307678222656e-02 5.079858005046844482e-02 5.658579617738723755e-02 5.095445737242698669e-02 4.657813906669616699e-02
5.287273600697517395e-02 4.519299790263175964e-02 5.018553882837295532e-02 4.863233491778373718e-02 4.436193406581878662e-02 5.426179617643356323e-02 5.169211328029632568e-02 4.934079572558403015e-02 4.968626797199249268e-02 4.688295349478721619e-02 5.235248804092407227e-02 4.697733744978904724e-02 4.460470750927925110e-02 5.248380824923515320e-02 4.369118437170982361e-02 5.014207214117050171e-02 5.026534944772720337e-02 4.594622179865837097e-02 4.676544666290283203e-02 4.981924593448638916e-02
5.179395899176597595e-02 4.481142759323120117e-02 4.632942378520965576e-02 4.772473871707916260e-02 5.121541023254394531e-02 4.771857708692550659e-02 4.060921818017959595e-02 4.852154478430747986e-02 4.854689538478851318e-02 4.865727946162223816e-02 4.899459704756736755e-02 4.632541164755821228e-02 5.220524221658706665e-02 5.458995699882507324e-02 5.038770288228988647e-02 5.308560654520988464e-02 5.048350617289543152e-02 4.903152957558631897e-02 5.465458706021308899e-02 4.958193376660346985e-02
4.787024855613708496e-02 5.314327776432037354e-02 4.477102309465408325e-02 4.683644697070121765e-02 5.378519371151924133e-02 4.732485860586166382e-02 4.398407414555549622e-02 5.466432124376296997e-02 4.876506328582763672e-02 5.201888829469680786e-02 4.917685315012931824e-02 5.296098440885543823e-02 6.278534233570098877e-02 4.596381634473800659e-02 5.512614175677299500e-02 4.885247722268104553e-02 6.378388404846191406e-02 5.166487768292427063e-02 5.492432415485382080e-02 4.818215221166610718e-02
